DAMAGE REACTIVITY — blackout, medium missingness
target damage = 0.5 sigma
rates averaged: [0.4, 0.5, 0.6]

DAMAGE REACTIVITY
========================================================================================================
metric          noise       bias    reorder  discretis        lag     smooth     spikes    rescale  rel.spread
--------------------------------------------------------------------------------------------------------
Pointwise Distance
  mae          0.3953     0.4934     0.1399     0.4368     0.2706     0.3581     0.1099     0.3913      0.017*
  rmse         0.6173     0.4934     0.9628     0.5977     0.8179     0.6612     2.1717     0.6474      1.927 
  mse          0.3827     0.2445     0.9333     0.3720     0.6738     0.4500     4.7372     0.4466      4.362 
  mre          4.6982     4.3241     1.9681     0.7553     1.9794     1.5832     8.6077     0.9321      2.528 
  smape       80.2257    85.0438    64.9009   117.6921    73.6645    93.6028     9.3318    50.2505      1.508 
  nrmse        0.6258     0.5001     0.9761     0.6068     0.8292     0.6719     2.2013     0.6583      1.925 
  nd           0.5240     0.6544     0.1871     0.5638     0.3600     0.4560     0.1457     0.4893      0.017*
Distributional Divergence
  wd           0.2709     0.4934     0.0000     0.4914     0.0532     0.3827     0.4540     0.4935      1.496 
  jsd          0.1314     0.2855     0.0000     0.4959     0.0074     0.2109     0.0175     0.2359      2.865 
  kld          0.5230     9.4313     0.0000    21.9914     0.1399     4.3211     0.0521     1.4013      4.647 
Temporal Structure
  acf          0.0549     0.0393     0.1190     0.0258     0.0077     0.0246     0.2218     0.0125      3.387 
  dtw         11.9787     9.1328    15.8743    13.1190     4.2263    12.3580    44.3157    13.0557      2.585 
  smae         0.0096     0.0133     0.0153     0.0101     0.0088     0.0099     0.0220     0.0059      1.360 
Statistical Agreement
  pearson      0.8504     1.0000     0.5224     0.8655     0.6264     0.7668     0.4175     1.0000      0.770 
  mi           0.6551     1.6451     0.8498     0.7777     0.6096     0.6584     1.1755     1.5392      1.047 
  r2           0.6083     0.7499     0.0448     0.6174     0.3102     0.5354    -3.8458     0.5378      5.071 
  tost         0.0282     1.0000     0.0130     0.6723     0.0251     0.0048     0.4528     0.0026      3.629 
  ba           0.0109     0.4934     0.0000     0.1641     0.0135     0.0127     0.0392     0.0000      5.379 
  cdt          0.0228     0.4996     0.0000     0.1600     0.0150     0.0164     0.0479     0.0000      5.247 
--------------------------------------------------------------------------------------------------------
* relative spread below 10%

METRIC AGREEMENT  (Spearman, over the eight distortions)
==============================================================================
             MAE   RMSE    MSE    MRE  sMAPE  nRMSE     ND     WD    JSD    KLD    ACF    DTW   sMAE Pearso     MI     R²   TOST     BA    CDT
MAE         1.00  -0.60  -0.60  -0.10   0.19  -0.60   1.00   0.26   0.33   0.31  -0.12  -0.36  -0.48  -0.69  -0.14  -0.60  -0.24  -0.36  -0.07
RMSE       -0.60   1.00   1.00   0.29  -0.69   1.00  -0.60  -0.55  -0.83  -0.86   0.26   0.48   0.29   0.86   0.19   1.00  -0.43  -0.43  -0.57
MSE        -0.60   1.00   1.00   0.29  -0.69   1.00  -0.60  -0.55  -0.83  -0.86   0.26   0.48   0.29   0.86   0.19   1.00  -0.43  -0.43  -0.57
MRE        -0.10   0.29   0.29   1.00  -0.43   0.29  -0.10  -0.26  -0.45  -0.50   0.57  -0.10   0.38   0.48   0.00   0.29   0.38   0.17   0.26
sMAPE       0.19  -0.69  -0.69  -0.43   1.00  -0.69   0.19   0.07   0.60   0.79  -0.29  -0.38  -0.10  -0.38   0.29  -0.69   0.33   0.43   0.48
nRMSE      -0.60   1.00   1.00   0.29  -0.69   1.00  -0.60  -0.55  -0.83  -0.86   0.26   0.48   0.29   0.86   0.19   1.00  -0.43  -0.43  -0.57
ND          1.00  -0.60  -0.60  -0.10   0.19  -0.60   1.00   0.26   0.33   0.31  -0.12  -0.36  -0.48  -0.69  -0.14  -0.60  -0.24  -0.36  -0.07
WD          0.26  -0.55  -0.55  -0.26   0.07  -0.55   0.26   1.00   0.83   0.67  -0.19   0.05  -0.14  -0.74  -0.69  -0.55   0.19   0.43   0.48
JSD         0.33  -0.83  -0.83  -0.45   0.60  -0.83   0.33   0.83   1.00   0.95  -0.26  -0.12  -0.17  -0.81  -0.38  -0.83   0.36   0.55   0.64
KLD         0.31  -0.86  -0.86  -0.50   0.79  -0.86   0.31   0.67   0.95   1.00  -0.40  -0.31  -0.24  -0.76  -0.17  -0.86   0.33   0.57   0.62
ACF        -0.12   0.26   0.26   0.57  -0.29   0.26  -0.12  -0.19  -0.26  -0.40   1.00   0.62   0.83   0.48  -0.31   0.26   0.40   0.00   0.24
DTW        -0.36   0.48   0.48  -0.10  -0.38   0.48  -0.36   0.05  -0.12  -0.31   0.62   1.00   0.60   0.38  -0.36   0.48  -0.07  -0.21  -0.12
sMAE       -0.48   0.29   0.29   0.38  -0.10   0.29  -0.48  -0.14  -0.17  -0.24   0.83   0.60   1.00   0.55  -0.38   0.29   0.52   0.31   0.36
Pearson    -0.69   0.86   0.86   0.48  -0.38   0.86  -0.69  -0.74  -0.81  -0.76   0.48   0.38   0.55   1.00   0.36   0.86  -0.02  -0.14  -0.24
MI         -0.14   0.19   0.19   0.00   0.29   0.19  -0.14  -0.69  -0.38  -0.17  -0.31  -0.36  -0.38   0.36   1.00   0.19  -0.19  -0.19  -0.24
R²         -0.60   1.00   1.00   0.29  -0.69   1.00  -0.60  -0.55  -0.83  -0.86   0.26   0.48   0.29   0.86   0.19   1.00  -0.43  -0.43  -0.57
TOST       -0.24  -0.43  -0.43   0.38   0.33  -0.43  -0.24   0.19   0.36   0.33   0.40  -0.07   0.52  -0.02  -0.19  -0.43   1.00   0.83   0.88
BA         -0.36  -0.43  -0.43   0.17   0.43  -0.43  -0.36   0.43   0.55   0.57   0.00  -0.21   0.31  -0.14  -0.19  -0.43   0.83   1.00   0.90
CDT        -0.07  -0.57  -0.57   0.26   0.48  -0.57  -0.07   0.48   0.64   0.62   0.24  -0.12   0.36  -0.24  -0.24  -0.57   0.88   0.90   1.00

EXACT INVARIANCE CHECKS  (blackout, rate 50%)
==============================================================================
distortion   metric    predicted  |deviation|   tolerance   
------------------------------------------------------------------------------
bias         pearson         1.0     7.46e-10       1e-07   ok
reorder      wd              0.0     0.00e+00       1e-09   ok
reorder      jsd             0.0     0.00e+00       1e-09   ok
reorder      kld             0.0     0.00e+00       1e-09   ok
reorder      ba              0.0     3.64e-18       1e-04   ok
reorder      cdt             0.0     1.96e-17       1e-04   ok
rescale      pearson         1.0     5.98e-10       1e-07   ok
rescale      ba              0.0     6.00e-08       1e-04   ok
rescale      cdt             0.0     6.21e-07       1e-04   ok
------------------------------------------------------------------------------
9 of 9 predictions hold.
