DAMAGE REACTIVITY — blackout, low missingness
target damage = 0.5 sigma
rates averaged: [0.1, 0.2, 0.3]

DAMAGE REACTIVITY
========================================================================================================
metric          noise       bias    reorder  discretis        lag     smooth     spikes    rescale  rel.spread
--------------------------------------------------------------------------------------------------------
Pointwise Distance
  mae          0.4175     0.5239     0.1435     0.4598     0.2944     0.3931     0.1167     0.4262      0.016*
  rmse         0.6564     0.5239     1.0081     0.6216     0.8342     0.6743     2.3062     0.6554      1.958 
  mse          0.4363     0.2781     1.0266     0.3961     0.7092     0.4626     5.3886     0.4424      4.473 
  mre          4.4311     4.3258     2.1533     0.7373     2.1194     1.5606     1.8180     1.4959      1.585 
  smape       75.8083    81.3315    61.5399   113.7601    69.2642    87.6823     9.3562    50.3990      1.521 
  nrmse        0.6269     0.5001     0.9660     0.5978     0.7949     0.6492     2.2013     0.6341      1.953 
  nd           0.4908     0.6171     0.1696     0.5286     0.3532     0.4471     0.1374     0.4754      0.016*
Distributional Divergence
  wd           0.3012     0.5239     0.0000     0.5226     0.0933     0.4183     0.4744     0.5224      1.467 
  jsd          0.1257     0.3019     0.0000     0.4586     0.0166     0.2261     0.0177     0.2401      2.646 
  kld          0.4836     9.0076     0.0000    20.1559     0.3459     6.9471     0.0539     2.4129      4.092 
Temporal Structure
  acf          0.0296     0.0267     0.0583     0.0121     0.0058     0.0081     0.1664     0.0121      4.027 
  dtw          7.8451     5.8131    10.2348     8.2416     2.5487     7.8693    28.9428     8.1971      2.650 
  smae         0.0063     0.0066     0.0089     0.0076     0.0076     0.0064     0.0190     0.0041      1.794 
Statistical Agreement
  pearson      0.8511     1.0000     0.5314     0.8856     0.6627     0.8033     0.3987     1.0000      0.784 
  mi           0.6718     1.4418     0.7520     0.7241     0.6196     0.6818     0.9024     1.3269      0.924 
  r2           0.6069     0.7499     0.0627     0.6328     0.3663     0.5694    -3.8458     0.5798      4.959 
  tost         0.0788     1.0000     0.0869     0.6347     0.2204     0.2373     0.5604     0.0273      2.734 
  ba           0.0099     0.5239     0.0000     0.1385     0.0502     0.0481     0.0450     0.0000      5.139 
  cdt          0.0240     0.4986     0.0000     0.1557     0.0489     0.0559     0.0739     0.0000      4.654 
--------------------------------------------------------------------------------------------------------
* relative spread below 10%

METRIC AGREEMENT  (Spearman, over the eight distortions)
==============================================================================
             MAE   RMSE    MSE    MRE  sMAPE  nRMSE     ND     WD    JSD    KLD    ACF    DTW   sMAE Pearso     MI     R²   TOST     BA    CDT
MAE         1.00  -0.74  -0.83   0.31   0.69  -0.83   0.95   0.33   0.57   0.67  -0.26  -0.60  -0.74  -0.64   0.12  -0.83   0.07   0.36   0.26
RMSE       -0.74   1.00   0.98   0.10  -0.62   0.98  -0.79  -0.74  -0.88  -0.88   0.33   0.43   0.64   0.93   0.31   0.98  -0.26  -0.52  -0.43
MSE        -0.83   0.98   1.00  -0.05  -0.69   1.00  -0.83  -0.67  -0.83  -0.86   0.29   0.48   0.62   0.86   0.19   1.00  -0.29  -0.55  -0.45
MRE         0.31   0.10  -0.05   1.00  -0.12  -0.05   0.31  -0.36  -0.43  -0.38   0.40  -0.40   0.05   0.19   0.10  -0.05  -0.10  -0.10  -0.14
sMAPE       0.69  -0.62  -0.69  -0.12   1.00  -0.69   0.57   0.31   0.60   0.79  -0.55  -0.38  -0.29  -0.38   0.29  -0.69   0.48   0.64   0.50
nRMSE      -0.83   0.98   1.00  -0.05  -0.69   1.00  -0.83  -0.67  -0.83  -0.86   0.29   0.48   0.62   0.86   0.19   1.00  -0.29  -0.55  -0.45
ND          0.95  -0.79  -0.83   0.31   0.57  -0.83   1.00   0.43   0.60   0.67  -0.26  -0.64  -0.79  -0.74  -0.10  -0.83   0.07   0.36   0.26
WD          0.33  -0.74  -0.67  -0.36   0.31  -0.67   0.43   1.00   0.90   0.79  -0.05   0.00  -0.29  -0.67  -0.64  -0.67   0.57   0.60   0.74
JSD         0.57  -0.88  -0.83  -0.43   0.60  -0.83   0.60   0.90   1.00   0.95  -0.29  -0.12  -0.52  -0.81  -0.38  -0.83   0.43   0.57   0.62
KLD         0.67  -0.88  -0.86  -0.38   0.79  -0.86   0.67   0.79   0.95   1.00  -0.50  -0.31  -0.52  -0.76  -0.17  -0.86   0.48   0.69   0.64
ACF        -0.26   0.33   0.29   0.40  -0.55   0.29  -0.26  -0.05  -0.29  -0.50   1.00   0.62   0.33   0.33  -0.48   0.29  -0.05  -0.48  -0.14
DTW        -0.60   0.43   0.48  -0.40  -0.38   0.48  -0.64   0.00  -0.12  -0.31   0.62   1.00   0.43   0.38  -0.36   0.48   0.00  -0.48  -0.14
sMAE       -0.74   0.64   0.62   0.05  -0.29   0.62  -0.79  -0.29  -0.52  -0.52   0.33   0.43   1.00   0.81   0.02   0.62   0.43   0.07   0.17
Pearson    -0.64   0.93   0.86   0.19  -0.38   0.86  -0.74  -0.67  -0.81  -0.76   0.33   0.38   0.81   1.00   0.36   0.86   0.05  -0.26  -0.17
MI          0.12   0.31   0.19   0.10   0.29   0.19  -0.10  -0.64  -0.38  -0.17  -0.48  -0.36   0.02   0.36   1.00   0.19  -0.26   0.00  -0.24
R²         -0.83   0.98   1.00  -0.05  -0.69   1.00  -0.83  -0.67  -0.83  -0.86   0.29   0.48   0.62   0.86   0.19   1.00  -0.29  -0.55  -0.45
TOST        0.07  -0.26  -0.29  -0.10   0.48  -0.29   0.07   0.57   0.43   0.48  -0.05   0.00   0.43   0.05  -0.26  -0.29   1.00   0.83   0.93
BA          0.36  -0.52  -0.55  -0.10   0.64  -0.55   0.36   0.60   0.57   0.69  -0.48  -0.48   0.07  -0.26   0.00  -0.55   0.83   1.00   0.90
CDT         0.26  -0.43  -0.45  -0.14   0.50  -0.45   0.26   0.74   0.62   0.64  -0.14  -0.14   0.17  -0.17  -0.24  -0.45   0.93   0.90   1.00

EXACT INVARIANCE CHECKS  (blackout, rate 20%)
==============================================================================
distortion   metric    predicted  |deviation|   tolerance   
------------------------------------------------------------------------------
bias         pearson         1.0     9.76e-10       1e-07   ok
reorder      wd              0.0     0.00e+00       1e-09   ok
reorder      jsd             0.0     0.00e+00       1e-09   ok
reorder      kld             0.0     0.00e+00       1e-09   ok
reorder      ba              0.0     7.70e-35       1e-04   ok
reorder      cdt             0.0     1.70e-17       1e-04   ok
rescale      pearson         1.0     5.46e-10       1e-07   ok
rescale      ba              0.0     4.00e-07       1e-04   ok
rescale      cdt             0.0     1.64e-06       1e-04   ok
------------------------------------------------------------------------------
9 of 9 predictions hold.
