DAMAGE REACTIVITY — mcar, high missingness
target damage = 0.5 sigma
rates averaged: [0.7, 0.8]

DAMAGE REACTIVITY
========================================================================================================
metric          noise       bias    reorder  discretis        lag     smooth     spikes    rescale  rel.spread
--------------------------------------------------------------------------------------------------------
Pointwise Distance
  mae          0.4022     0.5058     0.1428     0.4468     0.2688     0.3495     0.1127     0.3990      0.018*
  rmse         0.6325     0.5058     0.9969     0.6242     0.8606     0.6895     2.2265     0.6691      1.911 
  mse          0.4003     0.2560     1.0034     0.4108     0.7430     0.4881     4.9601     0.4815      4.304 
  mre          4.1933     4.4576     2.7569     0.7585     2.1248     2.0984    11.3309     0.7084      2.989 
  smape       80.7025    86.5042    66.0932   117.3761    73.1378    94.7004     9.3293    49.7491      1.497 
  nrmse        0.6254     0.5001     0.9849     0.6165     0.8508     0.6815     2.2013     0.6610      1.911 
  nd           0.5263     0.6617     0.1860     0.5673     0.3535     0.4416     0.1474     0.4924      0.018*
Distributional Divergence
  wd           0.2715     0.5058     0.0000     0.5057     0.0495     0.3777     0.4602     0.5052      1.512 
  jsd          0.1350     0.2968     0.0000     0.4972     0.0068     0.1912     0.0174     0.2399      2.873 
  kld          0.5553     9.9302     0.0000    22.1060     0.1002     2.7253     0.0521     1.2514      4.816 
Temporal Structure
  acf          0.0753     0.0120     0.1777     0.0486     0.0234     0.0915     0.2510     0.0126      2.763 
  dtw         15.0730     9.7758    20.6104    15.5948     9.3872    13.8560    55.9388    16.5815      2.375 
  smae         0.0118     0.0059     0.0211     0.0103     0.0100     0.0204     0.0252     0.0045      1.512 
Statistical Agreement
  pearson      0.8475     1.0000     0.5116     0.8466     0.6121     0.7442     0.4158     1.0000      0.782 
  mi           0.6518     1.7085     0.8781     0.7762     0.5714     0.6209     1.2710     1.5978      1.126 
  r2           0.6088     0.7499     0.0231     0.6009     0.2744     0.5238    -3.8458     0.5314      5.136 
  tost         0.0032     1.0000     0.0035     0.7025     0.0038     0.0005     0.3328     0.0006      3.906 
  ba           0.0025     0.5058     0.0000     0.1794     0.0033     0.0027     0.0169     0.0000      5.695 
  cdt          0.0192     0.4998     0.0000     0.1601     0.0133     0.0100     0.0333     0.0000      5.434 
--------------------------------------------------------------------------------------------------------
* relative spread below 10%

METRIC AGREEMENT  (Spearman, over the eight distortions)
==============================================================================
             MAE   RMSE    MSE    MRE  sMAPE  nRMSE     ND     WD    JSD    KLD    ACF    DTW   sMAE Pearso     MI     R²   TOST     BA    CDT
MAE         1.00  -0.36  -0.26  -0.29   0.31  -0.36   0.90   0.17   0.24   0.26  -0.33  -0.02  -0.29  -0.26  -0.38  -0.26   0.21  -0.07  -0.14
RMSE       -0.36   1.00   0.98   0.21  -0.69   1.00  -0.43  -0.67  -0.83  -0.86   0.74   0.48   0.67   0.83   0.24   0.98  -0.29  -0.43  -0.55
MSE        -0.26   0.98   1.00   0.12  -0.62   0.98  -0.40  -0.57  -0.74  -0.76   0.71   0.50   0.64   0.86   0.21   1.00  -0.19  -0.33  -0.50
MRE        -0.29   0.21   0.12   1.00  -0.29   0.21  -0.19  -0.07  -0.36  -0.40   0.33   0.10   0.48   0.40  -0.24   0.12   0.45   0.31   0.43
sMAPE       0.31  -0.69  -0.62  -0.29   1.00  -0.69   0.14   0.31   0.60   0.79  -0.29  -0.57  -0.19  -0.31   0.33  -0.62   0.14   0.43   0.40
nRMSE      -0.36   1.00   0.98   0.21  -0.69   1.00  -0.43  -0.67  -0.83  -0.86   0.74   0.48   0.67   0.83   0.24   0.98  -0.29  -0.43  -0.55
ND          0.90  -0.43  -0.40  -0.19   0.14  -0.43   1.00   0.14   0.21   0.17  -0.36   0.10  -0.33  -0.45  -0.52  -0.40   0.10  -0.26  -0.19
WD          0.17  -0.67  -0.57  -0.07   0.31  -0.67   0.14   1.00   0.90   0.79  -0.52  -0.05  -0.48  -0.57  -0.62  -0.57   0.48   0.69   0.69
JSD         0.24  -0.83  -0.74  -0.36   0.60  -0.83   0.21   0.90   1.00   0.95  -0.57  -0.19  -0.55  -0.71  -0.36  -0.74   0.26   0.55   0.57
KLD         0.26  -0.86  -0.76  -0.40   0.79  -0.86   0.17   0.79   0.95   1.00  -0.60  -0.43  -0.55  -0.67  -0.12  -0.76   0.21   0.57   0.55
ACF        -0.33   0.74   0.71   0.33  -0.29   0.74  -0.36  -0.52  -0.57  -0.60   1.00   0.62   0.98   0.81   0.26   0.71  -0.24  -0.31  -0.29
DTW        -0.02   0.48   0.50   0.10  -0.57   0.48   0.10  -0.05  -0.19  -0.43   0.62   1.00   0.52   0.33  -0.43   0.50  -0.07  -0.36  -0.26
sMAE       -0.29   0.67   0.64   0.48  -0.19   0.67  -0.33  -0.48  -0.55  -0.55   0.98   0.52   1.00   0.83   0.24   0.64  -0.10  -0.17  -0.14
Pearson    -0.26   0.83   0.86   0.40  -0.31   0.83  -0.45  -0.57  -0.71  -0.67   0.81   0.33   0.83   1.00   0.36   0.86   0.10  -0.05  -0.17
MI         -0.38   0.24   0.21  -0.24   0.33   0.24  -0.52  -0.62  -0.36  -0.12   0.26  -0.43   0.24   0.36   1.00   0.21  -0.38  -0.17  -0.24
R²         -0.26   0.98   1.00   0.12  -0.62   0.98  -0.40  -0.57  -0.74  -0.76   0.71   0.50   0.64   0.86   0.21   1.00  -0.19  -0.33  -0.50
TOST        0.21  -0.29  -0.19   0.45   0.14  -0.29   0.10   0.48   0.26   0.21  -0.24  -0.07  -0.10   0.10  -0.38  -0.19   1.00   0.79   0.79
BA         -0.07  -0.43  -0.33   0.31   0.43  -0.43  -0.26   0.69   0.55   0.57  -0.31  -0.36  -0.17  -0.05  -0.17  -0.33   0.79   1.00   0.93
CDT        -0.14  -0.55  -0.50   0.43   0.40  -0.55  -0.19   0.69   0.57   0.55  -0.29  -0.26  -0.14  -0.17  -0.24  -0.50   0.79   0.93   1.00

EXACT INVARIANCE CHECKS  (mcar, rate 80%)
==============================================================================
distortion   metric    predicted  |deviation|   tolerance   
------------------------------------------------------------------------------
bias         pearson         1.0     7.31e-10       1e-07   ok
reorder      wd              0.0     0.00e+00       1e-09   ok
reorder      jsd             0.0     0.00e+00       1e-09   ok
reorder      kld             0.0     0.00e+00       1e-09   ok
reorder      ba              0.0     1.11e-18       1e-04   ok
reorder      cdt             0.0     7.91e-18       1e-04   ok
rescale      pearson         1.0     5.63e-10       1e-07   ok
rescale      ba              0.0     2.38e-07       1e-04   ok
rescale      cdt             0.0     8.84e-07       1e-04   ok
------------------------------------------------------------------------------
9 of 9 predictions hold.
