DAMAGE REACTIVITY — blackout, high missingness
target damage = 0.5 sigma
rates averaged: [0.7, 0.8]

DAMAGE REACTIVITY
========================================================================================================
metric          noise       bias    reorder  discretis        lag     smooth     spikes    rescale  rel.spread
--------------------------------------------------------------------------------------------------------
Pointwise Distance
  mae          0.5032     0.5050     0.5062     0.5040     0.5023     0.5049     0.4971     0.5044      0.018*
  rmse         0.6316     0.5050     0.9941     0.6195     0.8349     0.6862     2.2232     0.6705      1.918 
  mse          0.3997     0.2555     0.9955     0.4053     0.7001     0.4871     4.9500     0.4870      4.327 
  mre          5.2369     4.7741     4.2266     0.7599     2.0540     1.7297     9.4094     0.7223      2.404 
  smape       80.2299    85.8104    65.2214   118.8321    74.3231    94.8889     9.3381    49.8778      1.514 
  nrmse        0.6254     0.5001     0.9835     0.6102     0.8263     0.6772     2.2013     0.6599      1.921 
  nd           0.6582     0.6598     0.6615     0.6586     0.6565     0.6596     0.6494     0.6587      0.018*
Distributional Divergence
  wd           0.2667     0.5050     0.0000     0.5040     0.0466     0.3803     0.4583     0.5044      1.516 
  jsd          0.1273     0.2837     0.0000     0.4945     0.0066     0.1958     0.0174     0.2350      2.908 
  kld          0.5100     9.3667     0.0000    22.0076     0.1058     3.2920     0.0550     1.3122      4.804 
Temporal Structure
  acf          0.0745     0.0358     0.1707     0.0444     0.0141     0.0725     0.2477     0.0087      2.860 
  dtw         15.0351    11.5335    19.9415    16.7536     5.3632    15.9530    55.8134    16.7882      2.568 
  smae         0.0116     0.0113     0.0196     0.0110     0.0092     0.0177     0.0248     0.0050      1.438 
Statistical Agreement
  pearson      0.8493     1.0000     0.5145     0.8538     0.6334     0.7545     0.4126     1.0000      0.781 
  mi           0.6587     1.8252     0.9124     0.7719     0.5940     0.6438     1.2637     1.6488      1.184 
  r2           0.6088     0.7499     0.0290     0.6122     0.3161     0.5300    -3.8458     0.5357      5.087 
  tost         0.0032     1.0000     0.0032     0.6975     0.0015     0.0003     0.3328     0.0005      3.922 
  ba           0.0018     0.5050     0.0000     0.1685     0.0064     0.0125     0.0166     0.0000      5.684 
  cdt          0.0191     0.4998     0.0000     0.1564     0.0081     0.0157     0.0335     0.0000      5.457 
--------------------------------------------------------------------------------------------------------
* relative spread below 10%

METRIC AGREEMENT  (Spearman, over the eight distortions)
==============================================================================
             MAE   RMSE    MSE    MRE  sMAPE  nRMSE     ND     WD    JSD    KLD    ACF    DTW   sMAE Pearso     MI     R²   TOST     BA    CDT
MAE         1.00  -0.29  -0.26  -0.29   0.29  -0.29   1.00   0.07   0.14   0.19  -0.10   0.02   0.05  -0.31  -0.33  -0.29  -0.07  -0.17  -0.21
RMSE       -0.29   1.00   0.98   0.26  -0.69   1.00  -0.29  -0.62  -0.83  -0.86   0.50   0.52   0.52   0.86   0.24   1.00  -0.43  -0.45  -0.57
MSE        -0.26   0.98   1.00   0.14  -0.62   0.98  -0.26  -0.55  -0.74  -0.76   0.45   0.57   0.48   0.83   0.21   0.98  -0.38  -0.36  -0.52
MRE        -0.29   0.26   0.14   1.00  -0.31   0.26  -0.29  -0.21  -0.43  -0.48   0.69   0.05   0.69   0.55  -0.12   0.26   0.48   0.17   0.33
sMAPE       0.29  -0.69  -0.62  -0.31   1.00  -0.69   0.29   0.17   0.60   0.79  -0.19  -0.52  -0.19  -0.38   0.33  -0.69   0.19   0.50   0.48
nRMSE      -0.29   1.00   0.98   0.26  -0.69   1.00  -0.29  -0.62  -0.83  -0.86   0.50   0.52   0.52   0.86   0.24   1.00  -0.43  -0.45  -0.57
ND          1.00  -0.29  -0.26  -0.29   0.29  -0.29   1.00   0.07   0.14   0.19  -0.10   0.02   0.05  -0.31  -0.33  -0.29  -0.07  -0.17  -0.21
WD          0.07  -0.62  -0.55  -0.21   0.17  -0.62   0.07   1.00   0.86   0.71  -0.43   0.00  -0.36  -0.71  -0.69  -0.62   0.40   0.62   0.62
JSD         0.14  -0.83  -0.74  -0.43   0.60  -0.83   0.14   0.86   1.00   0.95  -0.45  -0.17  -0.45  -0.81  -0.36  -0.83   0.36   0.62   0.64
KLD         0.19  -0.86  -0.76  -0.48   0.79  -0.86   0.19   0.71   0.95   1.00  -0.50  -0.38  -0.48  -0.76  -0.12  -0.86   0.26   0.64   0.62
ACF        -0.10   0.50   0.45   0.69  -0.19   0.50  -0.10  -0.43  -0.45  -0.50   1.00   0.55   0.95   0.74   0.05   0.50   0.21  -0.05   0.07
DTW         0.02   0.52   0.57   0.05  -0.52   0.52   0.02   0.00  -0.17  -0.38   0.55   1.00   0.50   0.33  -0.40   0.52  -0.02  -0.26  -0.24
sMAE        0.05   0.52   0.48   0.69  -0.19   0.52   0.05  -0.36  -0.45  -0.48   0.95   0.50   1.00   0.74  -0.02   0.52   0.14   0.02   0.07
Pearson    -0.31   0.86   0.83   0.55  -0.38   0.86  -0.31  -0.71  -0.81  -0.76   0.74   0.33   0.74   1.00   0.38   0.86  -0.10  -0.17  -0.24
MI         -0.33   0.24   0.21  -0.12   0.33   0.24  -0.33  -0.69  -0.36  -0.12   0.05  -0.40  -0.02   0.38   1.00   0.24  -0.48  -0.19  -0.26
R²         -0.29   1.00   0.98   0.26  -0.69   1.00  -0.29  -0.62  -0.83  -0.86   0.50   0.52   0.52   0.86   0.24   1.00  -0.43  -0.45  -0.57
TOST       -0.07  -0.43  -0.38   0.48   0.19  -0.43  -0.07   0.40   0.36   0.26   0.21  -0.02   0.14  -0.10  -0.48  -0.43   1.00   0.64   0.79
BA         -0.17  -0.45  -0.36   0.17   0.50  -0.45  -0.17   0.62   0.62   0.64  -0.05  -0.26   0.02  -0.17  -0.19  -0.45   0.64   1.00   0.93
CDT        -0.21  -0.57  -0.52   0.33   0.48  -0.57  -0.21   0.62   0.64   0.62   0.07  -0.24   0.07  -0.24  -0.26  -0.57   0.79   0.93   1.00

EXACT INVARIANCE CHECKS  (blackout, rate 80%)
==============================================================================
distortion   metric    predicted  |deviation|   tolerance   
------------------------------------------------------------------------------
bias         pearson         1.0     7.35e-10       1e-07   ok
reorder      wd              0.0     0.00e+00       1e-09   ok
reorder      jsd             0.0     0.00e+00       1e-09   ok
reorder      kld             0.0     0.00e+00       1e-09   ok
reorder      ba              0.0     1.11e-18       1e-04   ok
reorder      cdt             0.0     1.68e-17       1e-04   ok
rescale      pearson         1.0     5.68e-10       1e-07   ok
rescale      ba              0.0     1.00e-07       1e-04   ok
rescale      cdt             0.0     1.01e-06       1e-04   ok
------------------------------------------------------------------------------
9 of 9 predictions hold.
