DAMAGE REACTIVITY — mcar, low missingness
target damage = 0.5 sigma
rates averaged: [0.1, 0.2, 0.3]

DAMAGE REACTIVITY
========================================================================================================
metric          noise       bias    reorder  discretis        lag     smooth     spikes    rescale  rel.spread
--------------------------------------------------------------------------------------------------------
Pointwise Distance
  mae          0.5038     0.5039     0.5025     0.5027     0.5027     0.5039     0.4960     0.5040      0.016*
  rmse         0.6318     0.5039     1.0101     0.6308     0.8628     0.7024     2.2182     0.6644      1.898 
  mse          0.4023     0.2557     1.0413     0.4324     0.7518     0.5150     4.9550     0.4826      4.255 
  mre          5.7669     6.3775     3.8738     0.7588     2.6299     1.8056     4.5839     1.2100      1.664 
  smape       81.8528    86.2255    64.3101   116.9459    73.5374    95.2660     9.3502    52.5650      1.484 
  nrmse        0.6269     0.5001     0.9997     0.6235     0.8570     0.6988     2.2013     0.6571      1.900 
  nd           0.6591     0.6594     0.6579     0.6565     0.6578     0.6593     0.6490     0.6596      0.016*
Distributional Divergence
  wd           0.2735     0.5039     0.0000     0.5027     0.0925     0.3751     0.4643     0.5040      1.484 
  jsd          0.1080     0.2878     0.0000     0.4523     0.0176     0.1638     0.0178     0.2243      2.846 
  kld          0.4412     9.8834     0.0000    19.8242     0.2729     2.4202     0.0587     1.4544      4.616 
Temporal Structure
  acf          0.0257     0.0101     0.0582     0.0224     0.0162     0.0210     0.1525     0.0156      3.542 
  dtw          7.5229     5.6461    11.1187     7.7656     8.7633     7.7085    28.1173     8.5967      2.109 
  smae         0.0062     0.0043     0.0102     0.0057     0.0087     0.0079     0.0184     0.0045      1.714 
Statistical Agreement
  pearson      0.8457     1.0000     0.4965     0.8067     0.6085     0.7230     0.4069     1.0000      0.806 
  mi           0.6310     1.3517     0.7339     0.7399     0.5533     0.6042     0.8706     1.2679      0.946 
  r2           0.6069     0.7499    -0.0069     0.5872     0.2630     0.4933    -3.8458     0.5381      5.185 
  tost         0.0788     1.0000     0.0946     0.7156     0.2255     0.1160     0.5604     0.0321      2.743 
  ba           0.0080     0.5039     0.0000     0.1823     0.0129     0.0023     0.0427     0.0000      5.360 
  cdt          0.0241     0.4986     0.0000     0.1627     0.0492     0.0348     0.0736     0.0000      4.732 
--------------------------------------------------------------------------------------------------------
* relative spread below 10%

METRIC AGREEMENT  (Spearman, over the eight distortions)
==============================================================================
             MAE   RMSE    MSE    MRE  sMAPE  nRMSE     ND     WD    JSD    KLD    ACF    DTW   sMAE Pearso     MI     R²   TOST     BA    CDT
MAE         1.00  -0.52  -0.57  -0.17   0.26  -0.52   0.90   0.48   0.48   0.52  -0.79  -0.64  -0.71  -0.81  -0.10  -0.57  -0.36  -0.19  -0.14
RMSE       -0.52   1.00   0.98  -0.02  -0.69   1.00  -0.48  -0.55  -0.83  -0.86   0.62   0.88   0.93   0.83   0.36   0.98  -0.26  -0.48  -0.43
MSE        -0.57   0.98   1.00  -0.17  -0.62   0.98  -0.55  -0.48  -0.74  -0.76   0.60   0.93   0.90   0.86   0.31   1.00  -0.14  -0.40  -0.33
MRE        -0.17  -0.02  -0.17   1.00  -0.21  -0.02   0.07  -0.19  -0.29  -0.31   0.10  -0.24   0.07   0.07  -0.19  -0.17   0.19   0.26   0.17
sMAPE       0.26  -0.69  -0.62  -0.21   1.00  -0.69   0.10   0.07   0.60   0.79  -0.31  -0.71  -0.48  -0.31   0.21  -0.62   0.40   0.38   0.43
nRMSE      -0.52   1.00   0.98  -0.02  -0.69   1.00  -0.48  -0.55  -0.83  -0.86   0.62   0.88   0.93   0.83   0.36   0.98  -0.26  -0.48  -0.43
ND          0.90  -0.48  -0.55   0.07   0.10  -0.48   1.00   0.40   0.33   0.33  -0.71  -0.60  -0.69  -0.79  -0.29  -0.55  -0.40  -0.31  -0.29
WD          0.48  -0.55  -0.48  -0.19   0.07  -0.55   0.40   1.00   0.83   0.67  -0.52  -0.33  -0.71  -0.67  -0.79  -0.48   0.21   0.40   0.43
JSD         0.48  -0.83  -0.74  -0.29   0.60  -0.83   0.33   0.83   1.00   0.95  -0.52  -0.64  -0.83  -0.71  -0.52  -0.74   0.36   0.52   0.55
KLD         0.52  -0.86  -0.76  -0.31   0.79  -0.86   0.33   0.67   0.95   1.00  -0.60  -0.74  -0.81  -0.67  -0.29  -0.76   0.40   0.52   0.57
ACF        -0.79   0.62   0.60   0.10  -0.31   0.62  -0.71  -0.52  -0.52  -0.60   1.00   0.57   0.79   0.74   0.24   0.60  -0.12  -0.21  -0.26
DTW        -0.64   0.88   0.93  -0.24  -0.71   0.88  -0.60  -0.33  -0.64  -0.74   0.57   1.00   0.79   0.74   0.12   0.93  -0.14  -0.33  -0.31
sMAE       -0.71   0.93   0.90   0.07  -0.48   0.93  -0.69  -0.71  -0.83  -0.81   0.79   0.79   1.00   0.95   0.50   0.90  -0.10  -0.31  -0.29
Pearson    -0.81   0.83   0.86   0.07  -0.31   0.83  -0.79  -0.67  -0.71  -0.67   0.74   0.74   0.95   1.00   0.43   0.86   0.19  -0.10  -0.05
MI         -0.10   0.36   0.31  -0.19   0.21   0.36  -0.29  -0.79  -0.52  -0.29   0.24   0.12   0.50   0.43   1.00   0.31  -0.26  -0.33  -0.31
R²         -0.57   0.98   1.00  -0.17  -0.62   0.98  -0.55  -0.48  -0.74  -0.76   0.60   0.93   0.90   0.86   0.31   1.00  -0.14  -0.40  -0.33
TOST       -0.36  -0.26  -0.14   0.19   0.40  -0.26  -0.40   0.21   0.36   0.40  -0.12  -0.14  -0.10   0.19  -0.26  -0.14   1.00   0.88   0.93
BA         -0.19  -0.48  -0.40   0.26   0.38  -0.48  -0.31   0.40   0.52   0.52  -0.21  -0.33  -0.31  -0.10  -0.33  -0.40   0.88   1.00   0.98
CDT        -0.14  -0.43  -0.33   0.17   0.43  -0.43  -0.29   0.43   0.55   0.57  -0.26  -0.31  -0.29  -0.05  -0.31  -0.33   0.93   0.98   1.00

EXACT INVARIANCE CHECKS  (mcar, rate 20%)
==============================================================================
distortion   metric    predicted  |deviation|   tolerance   
------------------------------------------------------------------------------
bias         pearson         1.0     5.81e-10       1e-07   ok
reorder      wd              0.0     0.00e+00       1e-09   ok
reorder      jsd             0.0     0.00e+00       1e-09   ok
reorder      kld             0.0     0.00e+00       1e-09   ok
reorder      ba              0.0     6.66e-19       1e-04   ok
reorder      cdt             0.0     1.51e-17       1e-04   ok
rescale      pearson         1.0     5.62e-10       1e-07   ok
rescale      ba              0.0     2.45e-06       1e-04   ok
rescale      cdt             0.0     1.70e-06       1e-04   ok
------------------------------------------------------------------------------
9 of 9 predictions hold.
