DAMAGE REACTIVITY — mcar, medium missingness
target damage = 0.5 sigma
rates averaged: [0.4, 0.5, 0.6]

DAMAGE REACTIVITY
========================================================================================================
metric          noise       bias    reorder  discretis        lag     smooth     spikes    rescale  rel.spread
--------------------------------------------------------------------------------------------------------
Pointwise Distance
  mae          0.5093     0.5088     0.5092     0.5088     0.5066     0.5078     0.5008     0.5086      0.017*
  rmse         0.6366     0.5088     0.9963     0.6361     0.8683     0.6940     2.2396     0.6756      1.908 
  mse          0.4056     0.2591     0.9959     0.4301     0.7573     0.4954     5.0204     0.4909      4.302 
  mre          4.2283     5.1298     2.9042     0.7601     2.2179     2.0041     3.9553     0.8625      1.584 
  smape       81.6029    86.7438    66.0739   117.8055    73.3651    95.3196     9.3744    50.7182      1.493 
  nrmse        0.6258     0.5001     0.9796     0.6245     0.8532     0.6818     2.2013     0.6634      1.909 
  nd           0.6645     0.6640     0.6645     0.6641     0.6618     0.6623     0.6536     0.6639      0.017*
Distributional Divergence
  wd           0.2786     0.5088     0.0000     0.5088     0.0610     0.3814     0.4639     0.5086      1.501 
  jsd          0.1282     0.2824     0.0000     0.4832     0.0090     0.1882     0.0174     0.2430      2.860 
  kld          0.5087     9.6143     0.0000    21.3905     0.1332     2.7219     0.0508     1.3173      4.788 
Temporal Structure
  acf          0.0548     0.0131     0.1310     0.0404     0.0245     0.0493     0.2294     0.0171      3.093 
  dtw         12.2478     8.4205    17.3247    12.5041    11.2731    11.3628    45.4398    13.7204      2.239 
  smae         0.0096     0.0061     0.0175     0.0087     0.0128     0.0155     0.0235     0.0054      1.460 
Statistical Agreement
  pearson      0.8489     1.0000     0.5188     0.8150     0.6066     0.7462     0.4053     1.0000      0.801 
  mi           0.6455     1.5499     0.8222     0.7738     0.5578     0.6103     1.1853     1.4974      1.038 
  r2           0.6083     0.7499     0.0375     0.5869     0.2700     0.5230    -3.8458     0.5285      5.142 
  tost         0.0282     1.0000     0.0129     0.7057     0.0316     0.0114     0.4528     0.0030      3.551 
  ba           0.0114     0.5088     0.0000     0.1817     0.0117     0.0024     0.0396     0.0000      5.388 
  cdt          0.0229     0.4996     0.0000     0.1612     0.0208     0.0176     0.0481     0.0000      5.189 
--------------------------------------------------------------------------------------------------------
* relative spread below 10%

METRIC AGREEMENT  (Spearman, over the eight distortions)
==============================================================================
             MAE   RMSE    MSE    MRE  sMAPE  nRMSE     ND     WD    JSD    KLD    ACF    DTW   sMAE Pearso     MI     R²   TOST     BA    CDT
MAE         1.00  -0.52  -0.60   0.31   0.31  -0.52   0.98  -0.07   0.12   0.12  -0.05  -0.12  -0.33  -0.43  -0.17  -0.60   0.00  -0.17  -0.02
RMSE       -0.52   1.00   0.98  -0.02  -0.69   1.00  -0.50  -0.67  -0.83  -0.86   0.69   0.60   0.83   0.83   0.24   0.98  -0.36  -0.48  -0.55
MSE        -0.60   0.98   1.00  -0.17  -0.62   0.98  -0.55  -0.57  -0.74  -0.76   0.64   0.62   0.81   0.86   0.21   1.00  -0.29  -0.40  -0.50
MRE         0.31  -0.02  -0.17   1.00  -0.21  -0.02   0.14  -0.07  -0.29  -0.31   0.14  -0.21   0.19   0.07  -0.29  -0.17   0.38   0.26   0.33
sMAPE       0.31  -0.69  -0.62  -0.21   1.00  -0.69   0.36   0.31   0.60   0.79  -0.33  -0.62  -0.31  -0.31   0.33  -0.62   0.31   0.38   0.40
nRMSE      -0.52   1.00   0.98  -0.02  -0.69   1.00  -0.50  -0.67  -0.83  -0.86   0.69   0.60   0.83   0.83   0.24   0.98  -0.36  -0.48  -0.55
ND          0.98  -0.50  -0.55   0.14   0.36  -0.50   1.00  -0.10   0.14   0.14   0.02  -0.02  -0.31  -0.38  -0.07  -0.55  -0.02  -0.19  -0.05
WD         -0.07  -0.67  -0.57  -0.07   0.31  -0.67  -0.10   1.00   0.90   0.79  -0.55  -0.19  -0.62  -0.57  -0.62  -0.57   0.48   0.67   0.69
JSD         0.12  -0.83  -0.74  -0.29   0.60  -0.83   0.14   0.90   1.00   0.95  -0.60  -0.31  -0.74  -0.71  -0.36  -0.74   0.31   0.52   0.57
KLD         0.12  -0.86  -0.76  -0.31   0.79  -0.86   0.14   0.79   0.95   1.00  -0.64  -0.52  -0.69  -0.67  -0.12  -0.76   0.31   0.52   0.55
ACF        -0.05   0.69   0.64   0.14  -0.33   0.69   0.02  -0.55  -0.60  -0.64   1.00   0.69   0.86   0.76   0.24   0.64  -0.14  -0.31  -0.24
DTW        -0.12   0.60   0.62  -0.21  -0.62   0.60  -0.02  -0.19  -0.31  -0.52   0.69   1.00   0.43   0.43  -0.26   0.62  -0.29  -0.40  -0.36
sMAE       -0.33   0.83   0.81   0.19  -0.31   0.83  -0.31  -0.62  -0.74  -0.69   0.86   0.43   1.00   0.95   0.36   0.81  -0.05  -0.21  -0.24
Pearson    -0.43   0.83   0.86   0.07  -0.31   0.83  -0.38  -0.57  -0.71  -0.67   0.76   0.43   0.95   1.00   0.36   0.86   0.10  -0.10  -0.17
MI         -0.17   0.24   0.21  -0.29   0.33   0.24  -0.07  -0.62  -0.36  -0.12   0.24  -0.26   0.36   0.36   1.00   0.21  -0.21  -0.19  -0.24
R²         -0.60   0.98   1.00  -0.17  -0.62   0.98  -0.55  -0.57  -0.74  -0.76   0.64   0.62   0.81   0.86   0.21   1.00  -0.29  -0.40  -0.50
TOST        0.00  -0.36  -0.29   0.38   0.31  -0.36  -0.02   0.48   0.31   0.31  -0.14  -0.29  -0.05   0.10  -0.21  -0.29   1.00   0.93   0.90
BA         -0.17  -0.48  -0.40   0.26   0.38  -0.48  -0.19   0.67   0.52   0.52  -0.31  -0.40  -0.21  -0.10  -0.19  -0.40   0.93   1.00   0.98
CDT        -0.02  -0.55  -0.50   0.33   0.40  -0.55  -0.05   0.69   0.57   0.55  -0.24  -0.36  -0.24  -0.17  -0.24  -0.50   0.90   0.98   1.00

EXACT INVARIANCE CHECKS  (mcar, rate 50%)
==============================================================================
distortion   metric    predicted  |deviation|   tolerance   
------------------------------------------------------------------------------
bias         pearson         1.0     7.66e-10       1e-07   ok
reorder      wd              0.0     0.00e+00       1e-09   ok
reorder      jsd             0.0     0.00e+00       1e-09   ok
reorder      kld             0.0     0.00e+00       1e-09   ok
reorder      ba              0.0     1.78e-19       1e-04   ok
reorder      cdt             0.0     1.21e-17       1e-04   ok
rescale      pearson         1.0     5.75e-10       1e-07   ok
rescale      ba              0.0     1.20e-07       1e-04   ok
rescale      cdt             0.0     7.72e-07       1e-04   ok
------------------------------------------------------------------------------
9 of 9 predictions hold.
