DAMAGE REACTIVITY — scattered, medium missingness
target damage = 0.5 sigma
rates averaged: [0.4, 0.5, 0.6]

DAMAGE REACTIVITY
========================================================================================================
metric          noise       bias    reorder  discretis        lag     smooth     spikes    rescale  rel.spread
--------------------------------------------------------------------------------------------------------
Pointwise Distance
  mae          0.4845     0.4840     0.4825     0.4855     0.4815     0.4836     0.4764     0.4860      0.020*
  rmse         0.6056     0.4840     0.9815     0.6248     0.8222     0.6702     2.1305     0.6549      1.889 
  mse          0.3707     0.2368     0.9894     0.4344     0.6879     0.4754     4.5888     0.4799      4.213 
  mre          4.9038     4.5214     2.5337     0.7550     2.0829     1.9080     4.3561     0.8498      1.515 
  smape       81.2018    85.7031    65.0872   118.2837    74.5890    94.3782     9.3663    51.8151      1.501 
  nrmse        0.6258     0.5001     1.0106     0.6377     0.8489     0.6886     2.2013     0.6688      1.895 
  nd           0.6675     0.6670     0.6650     0.6688     0.6640     0.6667     0.6565     0.6692      0.019*
Distributional Divergence
  wd           0.2667     0.4840     0.0000     0.4855     0.0500     0.3617     0.4438     0.4860      1.508 
  jsd          0.1354     0.2889     0.0000     0.4870     0.0067     0.1959     0.0172     0.2422      2.837 
  kld          0.5436     9.6697     0.0000    21.2747     0.1194     3.4316     0.0502     1.3478      4.671 
Temporal Structure
  acf          0.0493     0.0365     0.1052     0.0305     0.0098     0.0381     0.2173     0.0133      3.320 
  dtw         11.7280     8.9832    15.6202    13.7139     4.3323    12.5990    43.4217    13.3791      2.526 
  smae         0.0089     0.0142     0.0161     0.0100     0.0091     0.0123     0.0223     0.0049      1.424 
Statistical Agreement
  pearson      0.8473     1.0000     0.4849     0.8153     0.6086     0.7322     0.4113     1.0000      0.798 
  mi           0.6395     1.6238     0.8451     0.7413     0.5766     0.6285     1.1570     1.4872      1.088 
  r2           0.6083     0.7499    -0.0302     0.5657     0.2763     0.5104    -3.8458     0.5176      5.175 
  tost         0.0282     1.0000     0.0162     0.7170     0.0313     0.0130     0.4528     0.0034      3.525 
  ba           0.0085     0.4840     0.0000     0.1596     0.0064     0.0064     0.0393     0.0000      5.498 
  cdt          0.0229     0.4996     0.0000     0.1600     0.0151     0.0182     0.0481     0.0000      5.232 
--------------------------------------------------------------------------------------------------------
* relative spread below 10%

METRIC AGREEMENT  (Spearman, over the eight distortions)
==============================================================================
             MAE   RMSE    MSE    MRE  sMAPE  nRMSE     ND     WD    JSD    KLD    ACF    DTW   sMAE Pearso     MI     R²   TOST     BA    CDT
MAE         1.00  -0.74  -0.64  -0.36   0.38  -0.74   1.00   0.64   0.74   0.67  -0.43  -0.12  -0.69  -0.88  -0.26  -0.74  -0.19   0.10   0.10
RMSE       -0.74   1.00   0.98  -0.14  -0.62   1.00  -0.74  -0.43  -0.74  -0.76   0.36   0.55   0.48   0.86   0.21   1.00  -0.29  -0.52  -0.52
MSE        -0.64   0.98   1.00  -0.17  -0.74   0.98  -0.64  -0.33  -0.71  -0.79   0.29   0.57   0.38   0.76   0.10   0.98  -0.31  -0.57  -0.57
MRE        -0.36  -0.14  -0.17   1.00  -0.24  -0.14  -0.36  -0.43  -0.36  -0.38   0.55  -0.21   0.29   0.10  -0.17  -0.14   0.29   0.24   0.24
sMAPE       0.38  -0.62  -0.74  -0.24   1.00  -0.62   0.38   0.12   0.60   0.79  -0.29  -0.38  -0.14  -0.31   0.33  -0.62   0.31   0.48   0.48
nRMSE      -0.74   1.00   0.98  -0.14  -0.62   1.00  -0.74  -0.43  -0.74  -0.76   0.36   0.55   0.48   0.86   0.21   1.00  -0.29  -0.52  -0.52
ND          1.00  -0.74  -0.64  -0.36   0.38  -0.74   1.00   0.64   0.74   0.67  -0.43  -0.12  -0.69  -0.88  -0.26  -0.74  -0.19   0.10   0.10
WD          0.64  -0.43  -0.33  -0.43   0.12  -0.43   0.64   1.00   0.86   0.69  -0.33   0.14  -0.26  -0.62  -0.57  -0.43   0.14   0.45   0.45
JSD         0.74  -0.74  -0.71  -0.36   0.60  -0.74   0.74   0.86   1.00   0.95  -0.38  -0.12  -0.29  -0.71  -0.36  -0.74   0.31   0.64   0.64
KLD         0.67  -0.76  -0.79  -0.38   0.79  -0.76   0.67   0.69   0.95   1.00  -0.48  -0.31  -0.31  -0.67  -0.12  -0.76   0.31   0.62   0.62
ACF        -0.43   0.36   0.29   0.55  -0.29   0.36  -0.43  -0.33  -0.38  -0.48   1.00   0.62   0.69   0.52  -0.19   0.36   0.02   0.07   0.07
DTW        -0.12   0.55   0.57  -0.21  -0.38   0.55  -0.12   0.14  -0.12  -0.31   0.62   1.00   0.50   0.45  -0.33   0.55  -0.12  -0.12  -0.12
sMAE       -0.69   0.48   0.38   0.29  -0.14   0.48  -0.69  -0.26  -0.29  -0.31   0.69   0.50   1.00   0.69  -0.26   0.48   0.40   0.24   0.24
Pearson    -0.88   0.86   0.76   0.10  -0.31   0.86  -0.88  -0.62  -0.71  -0.67   0.52   0.45   0.69   1.00   0.36   0.86   0.10  -0.19  -0.19
MI         -0.26   0.21   0.10  -0.17   0.33   0.21  -0.26  -0.57  -0.36  -0.12  -0.19  -0.33  -0.26   0.36   1.00   0.21  -0.21  -0.26  -0.26
R²         -0.74   1.00   0.98  -0.14  -0.62   1.00  -0.74  -0.43  -0.74  -0.76   0.36   0.55   0.48   0.86   0.21   1.00  -0.29  -0.52  -0.52
TOST       -0.19  -0.29  -0.31   0.29   0.31  -0.29  -0.19   0.14   0.31   0.31   0.02  -0.12   0.40   0.10  -0.21  -0.29   1.00   0.83   0.83
BA          0.10  -0.52  -0.57   0.24   0.48  -0.52   0.10   0.45   0.64   0.62   0.07  -0.12   0.24  -0.19  -0.26  -0.52   0.83   1.00   1.00
CDT         0.10  -0.52  -0.57   0.24   0.48  -0.52   0.10   0.45   0.64   0.62   0.07  -0.12   0.24  -0.19  -0.26  -0.52   0.83   1.00   1.00

EXACT INVARIANCE CHECKS  (scattered, rate 50%)
==============================================================================
distortion   metric    predicted  |deviation|   tolerance   
------------------------------------------------------------------------------
bias         pearson         1.0     1.07e-09       1e-07   ok
reorder      wd              0.0     0.00e+00       1e-09   ok
reorder      jsd             0.0     0.00e+00       1e-09   ok
reorder      kld             0.0     0.00e+00       1e-09   ok
reorder      ba              0.0     3.02e-18       1e-04   ok
reorder      cdt             0.0     1.21e-17       1e-04   ok
rescale      pearson         1.0     6.85e-10       1e-07   ok
rescale      ba              0.0     3.40e-07       1e-04   ok
rescale      cdt             0.0     1.12e-06       1e-04   ok
------------------------------------------------------------------------------
9 of 9 predictions hold.
