DAMAGE REACTIVITY — scattered, low missingness
target damage = 0.5 sigma
rates averaged: [0.1, 0.2, 0.3]

DAMAGE REACTIVITY
========================================================================================================
metric          noise       bias    reorder  discretis        lag     smooth     spikes    rescale  rel.spread
--------------------------------------------------------------------------------------------------------
Pointwise Distance
  mae          0.4848     0.4847     0.4784     0.4792     0.4833     0.4820     0.4771     0.4830      0.016*
  rmse         0.6080     0.4847     0.9623     0.6337     0.8253     0.6818     2.1338     0.6698      1.885 
  mse          0.3793     0.2406     0.9722     0.4703     0.7153     0.5078     4.6628     0.5315      4.172 
  mre          3.3453     3.5862     2.6704     0.7411     1.5729     1.3446     4.4823     1.0936      1.589 
  smape       80.5383    84.0885    63.2394   117.7877    74.1989    91.5368     9.2662    54.5752      1.509 
  nrmse        0.6269     0.5001     0.9887     0.6371     0.8477     0.6937     2.2013     0.6739      1.898 
  nd           0.6656     0.6660     0.6556     0.6509     0.6642     0.6594     0.6555     0.6640      0.023*
Distributional Divergence
  wd           0.2745     0.4847     0.0000     0.4792     0.0892     0.3509     0.4532     0.4830      1.483 
  jsd          0.1243     0.3057     0.0000     0.4495     0.0125     0.1909     0.0172     0.2294      2.705 
  kld          0.4852     9.8401     0.0000    19.6120     0.3958     5.0680     0.0504     1.9014      4.200 
Temporal Structure
  acf          0.0231     0.0240     0.0410     0.0177     0.0056     0.0175     0.1383     0.0132      3.786 
  dtw          7.2585     5.4667     9.4525     8.3283     2.8941     7.8997    27.3281     8.5910      2.531 
  smae         0.0056     0.0085     0.0091     0.0064     0.0072     0.0078     0.0178     0.0042      1.626 
Statistical Agreement
  pearson      0.8463     1.0000     0.5054     0.7969     0.6152     0.7269     0.4310     1.0000      0.769 
  mi           0.6269     1.3074     0.7028     0.6955     0.5533     0.6039     0.8590     1.2356      0.916 
  r2           0.6069     0.7499     0.0109     0.5642     0.2695     0.5042    -3.8458     0.5019      5.213 
  tost         0.0788     1.0000     0.0925     0.7455     0.2439     0.1400     0.5604     0.0366      2.660 
  ba           0.0080     0.4847     0.0000     0.1513     0.0147     0.0083     0.0486     0.0000      5.419 
  cdt          0.0242     0.4986     0.0000     0.1658     0.0590     0.0383     0.0728     0.0000      4.645 
--------------------------------------------------------------------------------------------------------
* relative spread below 10%

METRIC AGREEMENT  (Spearman, over the eight distortions)
==============================================================================
             MAE   RMSE    MSE    MRE  sMAPE  nRMSE     ND     WD    JSD    KLD    ACF    DTW   sMAE Pearso     MI     R²   TOST     BA    CDT
MAE         1.00  -0.76  -0.74   0.05   0.31  -0.76   0.90   0.14   0.24   0.33  -0.43  -0.83  -0.57  -0.69   0.12  -0.74  -0.14   0.07   0.07
RMSE       -0.76   1.00   0.98   0.14  -0.62   1.00  -0.57  -0.55  -0.74  -0.76   0.19   0.57   0.55   0.86   0.21   0.98  -0.14  -0.33  -0.33
MSE        -0.74   0.98   1.00   0.12  -0.74   0.98  -0.55  -0.48  -0.71  -0.79   0.17   0.62   0.45   0.76   0.10   1.00  -0.21  -0.38  -0.38
MRE         0.05   0.14   0.12   1.00  -0.43   0.14   0.33  -0.07  -0.40  -0.48   0.71   0.05   0.64   0.33  -0.31   0.12   0.24   0.19   0.19
sMAPE       0.31  -0.62  -0.74  -0.43   1.00  -0.62   0.05   0.17   0.60   0.79  -0.26  -0.52  -0.24  -0.31   0.33  -0.74   0.40   0.43   0.43
nRMSE      -0.76   1.00   0.98   0.14  -0.62   1.00  -0.57  -0.55  -0.74  -0.76   0.19   0.57   0.55   0.86   0.21   0.98  -0.14  -0.33  -0.33
ND          0.90  -0.57  -0.55   0.33   0.05  -0.57   1.00   0.12   0.02   0.10  -0.24  -0.74  -0.26  -0.55  -0.07  -0.55  -0.12   0.02   0.02
WD          0.14  -0.55  -0.48  -0.07   0.17  -0.55   0.12   1.00   0.86   0.71   0.00   0.00  -0.19  -0.64  -0.69  -0.48   0.38   0.57   0.57
JSD         0.24  -0.74  -0.71  -0.40   0.60  -0.74   0.02   0.86   1.00   0.95  -0.19  -0.17  -0.43  -0.71  -0.36  -0.71   0.36   0.55   0.55
KLD         0.33  -0.76  -0.79  -0.48   0.79  -0.76   0.10   0.71   0.95   1.00  -0.33  -0.38  -0.43  -0.67  -0.12  -0.79   0.40   0.57   0.57
ACF        -0.43   0.19   0.17   0.71  -0.26   0.19  -0.24   0.00  -0.19  -0.33   1.00   0.55   0.71   0.40  -0.50   0.17   0.29   0.12   0.12
DTW        -0.83   0.57   0.62   0.05  -0.52   0.57  -0.74   0.00  -0.17  -0.38   0.55   1.00   0.33   0.38  -0.40   0.62  -0.21  -0.33  -0.33
sMAE       -0.57   0.55   0.45   0.64  -0.24   0.55  -0.26  -0.19  -0.43  -0.43   0.71   0.33   1.00   0.74  -0.19   0.45   0.50   0.24   0.24
Pearson    -0.69   0.86   0.76   0.33  -0.31   0.86  -0.55  -0.64  -0.71  -0.67   0.40   0.38   0.74   1.00   0.36   0.76   0.19  -0.05  -0.05
MI          0.12   0.21   0.10  -0.31   0.33   0.21  -0.07  -0.69  -0.36  -0.12  -0.50  -0.40  -0.19   0.36   1.00   0.10  -0.17  -0.17  -0.17
R²         -0.74   0.98   1.00   0.12  -0.74   0.98  -0.55  -0.48  -0.71  -0.79   0.17   0.62   0.45   0.76   0.10   1.00  -0.21  -0.38  -0.38
TOST       -0.14  -0.14  -0.21   0.24   0.40  -0.14  -0.12   0.38   0.36   0.40   0.29  -0.21   0.50   0.19  -0.17  -0.21   1.00   0.93   0.93
BA          0.07  -0.33  -0.38   0.19   0.43  -0.33   0.02   0.57   0.55   0.57   0.12  -0.33   0.24  -0.05  -0.17  -0.38   0.93   1.00   1.00
CDT         0.07  -0.33  -0.38   0.19   0.43  -0.33   0.02   0.57   0.55   0.57   0.12  -0.33   0.24  -0.05  -0.17  -0.38   0.93   1.00   1.00

EXACT INVARIANCE CHECKS  (scattered, rate 20%)
==============================================================================
distortion   metric    predicted  |deviation|   tolerance   
------------------------------------------------------------------------------
bias         pearson         1.0     9.00e-10       1e-07   ok
reorder      wd              0.0     0.00e+00       1e-09   ok
reorder      jsd             0.0     0.00e+00       1e-09   ok
reorder      kld             0.0     0.00e+00       1e-09   ok
reorder      ba              0.0     2.22e-18       1e-04   ok
reorder      cdt             0.0     1.04e-17       1e-04   ok
rescale      pearson         1.0     6.11e-10       1e-07   ok
rescale      ba              0.0     3.00e-07       1e-04   ok
rescale      cdt             0.0     2.31e-06       1e-04   ok
------------------------------------------------------------------------------
9 of 9 predictions hold.
