DAMAGE REACTIVITY — scattered, high missingness
target damage = 0.5 sigma
rates averaged: [0.7, 0.8]

DAMAGE REACTIVITY
========================================================================================================
metric          noise       bias    reorder  discretis        lag     smooth     spikes    rescale  rel.spread
--------------------------------------------------------------------------------------------------------
Pointwise Distance
  mae          0.4980     0.4998     0.5007     0.4998     0.4981     0.4983     0.4920     0.4995      0.017*
  rmse         0.6252     0.4998     0.9986     0.6405     0.8507     0.6885     2.2002     0.6760      1.895 
  mse          0.3922     0.2506     1.0112     0.4473     0.7291     0.4929     4.8555     0.5036      4.243 
  mre          4.4699     4.5173     2.7372     0.7576     2.0521     1.9160     4.0575     0.7852      1.413 
  smape       81.3301    86.7699    66.1555   117.8750    73.9757    94.9591     9.3505    50.6571      1.494 
  nrmse        0.6254     0.5001     0.9972     0.6362     0.8510     0.6860     2.2013     0.6710      1.899 
  nd           0.6691     0.6707     0.6719     0.6707     0.6694     0.6680     0.6601     0.6704      0.018*
Distributional Divergence
  wd           0.2683     0.4998     0.0000     0.4998     0.0477     0.3707     0.4551     0.4995      1.514 
  jsd          0.1381     0.2919     0.0000     0.4978     0.0066     0.1890     0.0172     0.2399      2.885 
  kld          0.5717     9.7959     0.0000    21.9679     0.1111     3.2539     0.0518     1.2321      4.752 
Temporal Structure
  acf          0.0739     0.0352     0.1571     0.0457     0.0155     0.0867     0.2465     0.0107      2.809 
  dtw         14.8608    11.4886    19.9229    17.4605     5.2654    15.9727    55.0308    16.9797      2.536 
  smae         0.0118     0.0111     0.0202     0.0115     0.0084     0.0203     0.0254     0.0045      1.474 
Statistical Agreement
  pearson      0.8477     1.0000     0.4993     0.8089     0.6092     0.7383     0.4122     1.0000      0.795 
  mi           0.6385     1.7106     0.8736     0.7511     0.5731     0.6228     1.2448     1.5973      1.136 
  r2           0.6088     0.7499    -0.0013     0.5667     0.2733     0.5167    -3.8458     0.5134      5.196 
  tost         0.0032     1.0000     0.0037     0.7067     0.0055     0.0008     0.3328     0.0007      3.893 
  ba           0.0019     0.4998     0.0000     0.1751     0.0041     0.0073     0.0166     0.0000      5.673 
  cdt          0.0191     0.4998     0.0000     0.1569     0.0115     0.0182     0.0335     0.0000      5.410 
--------------------------------------------------------------------------------------------------------
* relative spread below 10%

METRIC AGREEMENT  (Spearman, over the eight distortions)
==============================================================================
             MAE   RMSE    MSE    MRE  sMAPE  nRMSE     ND     WD    JSD    KLD    ACF    DTW   sMAE Pearso     MI     R²   TOST     BA    CDT
MAE         1.00  -0.21  -0.19  -0.31   0.36  -0.21   0.90   0.17   0.26   0.29  -0.17   0.14  -0.26  -0.21  -0.29  -0.19   0.17  -0.07  -0.14
RMSE       -0.21   1.00   0.98  -0.17  -0.62   1.00  -0.31  -0.52  -0.74  -0.76   0.52   0.55   0.48   0.86   0.21   0.98  -0.17  -0.36  -0.52
MSE        -0.19   0.98   1.00  -0.19  -0.74   0.98  -0.24  -0.48  -0.71  -0.79   0.40   0.57   0.33   0.76   0.10   1.00  -0.19  -0.43  -0.57
MRE        -0.31  -0.17  -0.19   1.00  -0.21  -0.17  -0.02  -0.24  -0.29  -0.31   0.29  -0.24   0.24   0.07  -0.29  -0.19   0.33   0.14   0.31
sMAPE       0.36  -0.62  -0.74  -0.21   1.00  -0.62   0.19   0.36   0.60   0.79  -0.14  -0.38  -0.05  -0.31   0.33  -0.74   0.26   0.50   0.48
nRMSE      -0.21   1.00   0.98  -0.17  -0.62   1.00  -0.31  -0.52  -0.74  -0.76   0.52   0.55   0.48   0.86   0.21   0.98  -0.17  -0.36  -0.52
ND          0.90  -0.31  -0.24  -0.02   0.19  -0.31   1.00   0.07   0.14   0.14  -0.31  -0.05  -0.45  -0.29  -0.38  -0.24   0.29  -0.12  -0.12
WD          0.17  -0.52  -0.48  -0.24   0.36  -0.52   0.07   1.00   0.93   0.81  -0.31   0.10  -0.24  -0.52  -0.52  -0.48   0.40   0.71   0.71
JSD         0.26  -0.74  -0.71  -0.29   0.60  -0.74   0.14   0.93   1.00   0.95  -0.43  -0.12  -0.33  -0.71  -0.36  -0.71   0.24   0.62   0.64
KLD         0.29  -0.76  -0.79  -0.31   0.79  -0.76   0.14   0.81   0.95   1.00  -0.45  -0.31  -0.33  -0.67  -0.12  -0.79   0.24   0.64   0.62
ACF        -0.17   0.52   0.40   0.29  -0.14   0.52  -0.31  -0.31  -0.43  -0.45   1.00   0.64   0.98   0.74   0.07   0.40   0.10   0.00   0.05
DTW         0.14   0.55   0.57  -0.24  -0.38   0.55  -0.05   0.10  -0.12  -0.31   0.64   1.00   0.57   0.45  -0.33   0.57  -0.02  -0.14  -0.12
sMAE       -0.26   0.48   0.33   0.24  -0.05   0.48  -0.45  -0.24  -0.33  -0.33   0.98   0.57   1.00   0.69   0.14   0.33   0.05   0.10   0.12
Pearson    -0.21   0.86   0.76   0.07  -0.31   0.86  -0.29  -0.52  -0.71  -0.67   0.74   0.45   0.69   1.00   0.36   0.76   0.19  -0.07  -0.19
MI         -0.29   0.21   0.10  -0.29   0.33   0.21  -0.38  -0.52  -0.36  -0.12   0.07  -0.33   0.14   0.36   1.00   0.10  -0.26  -0.19  -0.26
R²         -0.19   0.98   1.00  -0.19  -0.74   0.98  -0.24  -0.48  -0.71  -0.79   0.40   0.57   0.33   0.76   0.10   1.00  -0.19  -0.43  -0.57
TOST        0.17  -0.17  -0.19   0.33   0.26  -0.17   0.29   0.40   0.24   0.24   0.10  -0.02   0.05   0.19  -0.26  -0.19   1.00   0.76   0.74
BA         -0.07  -0.36  -0.43   0.14   0.50  -0.36  -0.12   0.71   0.62   0.64   0.00  -0.14   0.10  -0.07  -0.19  -0.43   0.76   1.00   0.93
CDT        -0.14  -0.52  -0.57   0.31   0.48  -0.52  -0.12   0.71   0.64   0.62   0.05  -0.12   0.12  -0.19  -0.26  -0.57   0.74   0.93   1.00

EXACT INVARIANCE CHECKS  (scattered, rate 80%)
==============================================================================
distortion   metric    predicted  |deviation|   tolerance   
------------------------------------------------------------------------------
bias         pearson         1.0     5.55e-10       1e-07   ok
reorder      wd              0.0     0.00e+00       1e-09   ok
reorder      jsd             0.0     0.00e+00       1e-09   ok
reorder      kld             0.0     0.00e+00       1e-09   ok
reorder      ba              0.0     2.44e-18       1e-04   ok
reorder      cdt             0.0     1.25e-17       1e-04   ok
rescale      pearson         1.0     5.53e-10       1e-07   ok
rescale      ba              0.0     1.62e-07       1e-04   ok
rescale      cdt             0.0     6.32e-07       1e-04   ok
------------------------------------------------------------------------------
9 of 9 predictions hold.
